2.000000000000000111e-01,2.000000000000000111e-01,2.000000000000000111e-01,2.000000000000000111e-01,2.000000000000000111e-01
1.078840656252595774e-22,1.078840656252595774e-22,1.078840656252595774e-22,1.078840656252595774e-22,1.000000000000000000e+00
1.548511764578560691e-27,1.548511764578560691e-27,1.548511764578560691e-27,1.548511764578560691e-27,1.000000000000000000e+00
2.000000000000000111e-01,2.000000000000000111e-01,2.000000000000000111e-01,2.000000000000000111e-01,2.000000000000000111e-01
2.000000000000000111e-01,2.000000000000000111e-01,2.000000000000000111e-01,2.000000000000000111e-01,2.000000000000000111e-01
3.578786217716899616e-23,3.335847480078251159e-01,3.578786217716899616e-23,3.332998973151448663e-01,3.331153546770300733e-01
7.682166537959040837e-28,5.005500026436493499e-01,7.682166537959040837e-28,7.682166537959040837e-28,4.994499973563505391e-01
7.623162349457667923e-20,7.623162349457667923e-20,7.623162349457667923e-20,1.000000000000000000e+00,7.623162349457667923e-20
2.214731805479402073e-13,2.214731805479402073e-13,2.214731805479402073e-13,2.214731805479402073e-13,9.999999999991140420e-01
2.343672219837323600e-01,2.342736353974348429e-01,2.508870313355380363e-23,3.321809887862547384e-01,1.991781538325780587e-01
3.909245156435211159e-28,2.567578400130977601e-01,2.570490737901309775e-01,2.569001518291675890e-01,2.292929343676037013e-01
1.838640036939414787e-02,9.448442320764720570e-01,5.158476667049120241e-19,1.838402299458726311e-02,1.838534455954633773e-02
2.214523262467285324e-13,2.214523262467285324e-13,2.214523262467285324e-13,2.214523262467285324e-13,9.999999999991142641e-01
2.500020651818844475e-01,2.499990739920278093e-01,2.676305270272226615e-23,2.499993510357877147e-01,2.499995097903001395e-01
2.013195348559413123e-01,2.012829624315649879e-01,2.012074300045585684e-01,2.012422371152208234e-01,1.949478355927143636e-01
2.014305873247155543e-01,2.014460108001941141e-01,5.655219281378849176e-18,2.013867426786123405e-01,3.957366591964781022e-01
3.705740836240603986e-14,3.705740836240603986e-14,3.705740836240603986e-14,3.705740836240603986e-14,9.999999999998516742e-01
2.466965504194176262e-01,2.466968762968536066e-01,2.640914974877749971e-23,2.466962032104899616e-01,2.599103700732388056e-01
1.395328065255860006e-01,2.031541515239257967e-01,2.260703253266932444e-01,2.260679249339241914e-01,2.051747916898707114e-01
7.482195970410325656e-18,2.662404684330351712e-01,7.482195970410325656e-18,2.662783868186110459e-01,4.674811447483536164e-01
2.214523262467285324e-13,2.214523262467285324e-13,2.214523262467285324e-13,2.214523262467285324e-13,9.999999999991142641e-01
2.399367909672119603e-01,2.399374853894860327e-01,2.568497712116656270e-23,2.399376627357491520e-01,2.801880609075529383e-01
2.032062495577663108e-01,1.871876843664911083e-01,2.031997843268893156e-01,2.032053551468988029e-01,2.032009266019544902e-01
9.368946206887191179e-18,3.333327907713456439e-01,9.368946206887191179e-18,3.333334089429766944e-01,3.333338002856777171e-01
2.995079479824458966e-15,2.995079479824458966e-15,2.995079479824458966e-15,9.864860388194371943e-01,1.351396118055391178e-02
2.476637064661302290e-01,2.832619921220663195e-01,2.650132072002660407e-23,2.476033264919458854e-01,2.214709749198576494e-01
2.316893910751107455e-01,2.316197299427031064e-01,2.315424174666978752e-01,7.360239630217706164e-02,2.315460652133110864e-01
7.763330750565748224e-18,2.762260357730060290e-01,7.763330750565748224e-18,4.475425091968216473e-01,2.762314550301724347e-01
3.079306800589485188e-14,1.386825414117317523e-01,7.225266623880962635e-01,1.387907962001104500e-01,3.079306800589485188e-14
1.856676574126477630e-01,2.275186698675569219e-01,1.858449384760872125e-01,1.856790965032224239e-01,2.152896377404857065e-01
4.222471484573817824e-28,2.502279466609726444e-01,2.773806913952674424e-01,2.120554116769565456e-01,2.603359502668033398e-01
9.369022632569719658e-18,3.333723257530951667e-01,9.369022632569719658e-18,3.333046544001469491e-01,3.333230198467578287e-01
7.405017581638775597e-14,3.331504633013906980e-01,3.334210882653402819e-01,3.334284484331210274e-01,7.405017581638775597e-14
2.233105802168318388e-01,3.302000785009781003e-01,2.387900229352225475e-23,2.232132377710940030e-01,2.232761035110960579e-01
5.494794480556971874e-28,3.591931040203420467e-01,5.494794480556971874e-28,3.592265609723885866e-01,2.815803350072694222e-01
1.406105002574380965e-17,1.406105002574380965e-17,1.406105002574380965e-17,5.000120470296843811e-01,4.999879529703156189e-01
5.557438358682294608e-14,2.500929731303929704e-01,2.499651266381542891e-01,2.499335994975403485e-01,2.500083007338567143e-01
2.253573309271076630e-01,2.920178204373867770e-01,3.204805087155328247e-02,2.252897088440622697e-01,2.252870889198900217e-01
5.419325701181393336e-28,3.539709929051748638e-01,5.419325701181393336e-28,3.539745938698007910e-01,2.920544132250242897e-01
5.862108757632400816e-18,2.085609320991538562e-01,5.862108757632400816e-18,5.828441982307369651e-01,2.085948696701091232e-01
2.054990028827716451e-14,9.276293071589666872e-02,2.054990028827716451e-14,8.147030845476613825e-01,9.253398473640087052e-02
2.885164835818780951e-23,2.696087488083479533e-01,2.695708876206932558e-01,1.912660485674806676e-01,2.695543150034780955e-01
5.693401886277335386e-28,2.563657543790504589e-01,5.693401886277335386e-28,3.718181249947122846e-01,3.718161206262373120e-01
9.367832057229875857e-18,3.333782036383526326e-01,9.367832057229875857e-18,3.333039335398859659e-01,3.333178628217614570e-01
1.070286265730762349e-22,9.999999990314711873e-01,1.070286265730762349e-22,4.848989068721677372e-10,4.836298035283841415e-10
2.148913839241134202e-23,3.332260259870932217e-01,2.007576600324743610e-01,2.007616039929049356e-01,2.652547099875274816e-01
8.942377379984543404e-28,5.837325064861852431e-01,8.942377379984543404e-28,1.894481552594291518e-01,2.268193382543855496e-01
9.369506169412253053e-18,3.333472578879008164e-01,9.369506169412253053e-18,3.333065584283043115e-01,3.333461836837948167e-01
2.000000000000000111e-01,2.000000000000000111e-01,2.000000000000000111e-01,2.000000000000000111e-01,2.000000000000000111e-01
5.073489304303849691e-23,4.722007346154967200e-01,5.073489304303849691e-23,4.726068612343856112e-01,5.519240415011771039e-02
8.799446378396414434e-28,5.744426044588708535e-01,8.799446378396414434e-28,1.166572159823389548e-01,3.089001795587901222e-01
1.405670249049312256e-17,5.001060213752266392e-01,1.405670249049312256e-17,4.998939786247733608e-01,1.405670249049312256e-17
2.000000000000000111e-01,2.000000000000000111e-01,2.000000000000000111e-01,2.000000000000000111e-01,2.000000000000000111e-01
4.582766375695452216e-23,4.582766375695452216e-23,4.582766375695452216e-23,4.582766375695452216e-23,1.000000000000000000e+00
5.104070257100891979e-28,3.333288277522528098e-01,5.104070257100891979e-28,3.333159895896052882e-01,3.333551826581419575e-01
1.897446283559829796e-18,6.745716058306618079e-02,1.897446283559829796e-18,9.325428394169338331e-01,1.897446283559829796e-18
2.000000000000000111e-01,2.000000000000000111e-01,2.000000000000000111e-01,2.000000000000000111e-01,2.000000000000000111e-01
1.691112883094972896e-22,1.691112883094972896e-22,1.691112883094972896e-22,1.691112883094972896e-22,1.000000000000000000e+00
5.103748188377379850e-28,3.333224198083509782e-01,5.103748188377379850e-28,3.333356359483005682e-01,3.333419442433483981e-01
1.405969758420669816e-17,5.002056757532328257e-01,1.405969758420669816e-17,4.997943242467671188e-01,1.405969758420669816e-17
2.000000000000000111e-01,2.000000000000000111e-01,2.000000000000000111e-01,2.000000000000000111e-01,2.000000000000000111e-01
1.083369572186644579e-22,1.083369572186644579e-22,1.083369572186644579e-22,1.083369572186644579e-22,1.000000000000000000e+00
7.462933789505305061e-28,2.539644759169632296e-02,7.462933789505305061e-28,4.874901324945378756e-01,4.871134199137657217e-01
2.814678805751367463e-17,2.814678805751367463e-17,2.814678805751367463e-17,1.000000000000000000e+00,2.814678805751367463e-17
2.000000000000000111e-01,2.000000000000000111e-01,2.000000000000000111e-01,2.000000000000000111e-01,2.000000000000000111e-01
2.000000000000000111e-01,2.000000000000000111e-01,2.000000000000000111e-01,2.000000000000000111e-01,2.000000000000000111e-01
5.104488078893541040e-28,3.333038431821776504e-01,5.104488078893541040e-28,3.332613748737171533e-01,3.334347819441051963e-01
2.814945932007727657e-17,2.814945932007727657e-17,2.814945932007727657e-17,1.000000000000000000e+00,2.814945932007727657e-17
2.000000000000000111e-01,2.000000000000000111e-01,2.000000000000000111e-01,2.000000000000000111e-01,2.000000000000000111e-01
2.000000000000000111e-01,2.000000000000000111e-01,2.000000000000000111e-01,2.000000000000000111e-01,2.000000000000000111e-01
5.102955027206151121e-28,3.333318398666090809e-01,5.102955027206151121e-28,3.333335200149092348e-01,3.333346401184816288e-01
2.814922060705600648e-17,2.814922060705600648e-17,2.814922060705600648e-17,1.000000000000000000e+00,2.814922060705600648e-17
2.000000000000000111e-01,2.000000000000000111e-01,2.000000000000000111e-01,2.000000000000000111e-01,2.000000000000000111e-01
2.000000000000000111e-01,2.000000000000000111e-01,2.000000000000000111e-01,2.000000000000000111e-01,2.000000000000000111e-01
5.102933654132179073e-28,3.333332975955929922e-01,5.102933654132179073e-28,3.333332439890071552e-01,3.333334584153998525e-01
2.808121589189229787e-17,2.808121589189229787e-17,2.808121589189229787e-17,1.000000000000000000e+00,2.808121589189229787e-17
2.000000000000000111e-01,2.000000000000000111e-01,2.000000000000000111e-01,2.000000000000000111e-01,2.000000000000000111e-01
2.000000000000000111e-01,2.000000000000000111e-01,2.000000000000000111e-01,2.000000000000000111e-01,2.000000000000000111e-01
5.102997312010540624e-28,3.333349823171957715e-01,5.102997312010540624e-28,3.333375094561156216e-01,3.333275082266886624e-01
1.064785185764257851e-20,1.064785185764257851e-20,1.064785185764257851e-20,1.000000000000000000e+00,1.064785185764257851e-20
2.000000000000000111e-01,2.000000000000000111e-01,2.000000000000000111e-01,2.000000000000000111e-01,2.000000000000000111e-01
2.000000000000000111e-01,2.000000000000000111e-01,2.000000000000000111e-01,2.000000000000000111e-01,2.000000000000000111e-01
5.108670714046178265e-28,3.337082142229187975e-01,5.108670714046178265e-28,3.337014677339349977e-01,3.325903180431460937e-01
2.000000000000000111e-01,2.000000000000000111e-01,2.000000000000000111e-01,2.000000000000000111e-01,2.000000000000000111e-01
2.000000000000000111e-01,2.000000000000000111e-01,2.000000000000000111e-01,2.000000000000000111e-01,2.000000000000000111e-01
2.000000000000000111e-01,2.000000000000000111e-01,2.000000000000000111e-01,2.000000000000000111e-01,2.000000000000000111e-01
7.692962117892236198e-28,5.008357086803081337e-01,7.692962117892236198e-28,7.692962117892236198e-28,4.991642913196918663e-01
2.000000000000000111e-01,2.000000000000000111e-01,2.000000000000000111e-01,2.000000000000000111e-01,2.000000000000000111e-01
2.000000000000000111e-01,2.000000000000000111e-01,2.000000000000000111e-01,2.000000000000000111e-01,2.000000000000000111e-01
2.000000000000000111e-01,2.000000000000000111e-01,2.000000000000000111e-01,2.000000000000000111e-01,2.000000000000000111e-01
7.705950409360634514e-28,5.000017618613004089e-01,7.705950409360634514e-28,7.705950409360634514e-28,4.999982381386995911e-01
2.000000000000000111e-01,2.000000000000000111e-01,2.000000000000000111e-01,2.000000000000000111e-01,2.000000000000000111e-01
